0           1.1339
0.075           1.3349
0.15           1.21355
0.225           1.25202
0.3           1.39227
0.375           1.31446
0.45           1.47254
0.525           1.53622
0.6           1.35568
0.675           1.46357
0.75           1.4902
0.825           1.6587
0.9           1.06757
0.975           1.46463
1.05           1.40265
1.125           1.71314
1.2           1.52702
1.275           1.70263
1.35           1.4239
1.425           1.54308
1.5           1.66402
1.575           1.73248
1.65           1.5433
1.725           1.95952
1.8           1.68513
1.875           1.95179
1.95           2.09535
2.025           2.36146
2.1           2.16912
2.175           2.06175
2.25           2.17864
2.325           2.10435
2.4           2.58447
2.475           1.91416
2.55           2.36837
2.625           2.68613
2.7           2.71239
2.775           2.49951
2.85           2.5589
2.925           2.30915
3           2.8695
3.075           3.11665
3.15           3.09491
3.225           2.47176
3.3           3.01713
3.375           3.23238
3.45           2.9446
3.525           3.38534
3.6           3.19983
3.675           3.42304
3.75           3.62155
3.825           3.55925
3.9           3.53071
3.975           3.56177
4.05           3.54457
4.125           3.86795
4.2           4.04978
4.275           3.8856
4.35           4.1105
4.425           4.34532
4.5           4.16124
4.575           4.36341
4.65           4.16158
4.725           4.61973
4.8           4.73741
4.875           4.72786
4.95           4.66921
